image_width: 1280
image_height: 1024
camera_name: 16276527
camera_matrix:
  rows: 3
  cols: 3
  data: [1721.117970, 0.000000, 396.917012, 0.000000, 1684.984711, 468.281151, 0.000000, 0.000000, 1.000000]
distortion_model: plumb_bob
distortion_coefficients:
  rows: 1
  cols: 5
  data: [-0.115999, 0.236978, -0.007641, -0.035284, 0.000000]
rectification_matrix:
  rows: 3
  cols: 3
  data: [0.994750, -0.020073, -0.100343, 0.019964, 0.999799, -0.002092, 0.100365, 0.000078, 0.994951]
projection_matrix:
  rows: 3
  cols: 4
  data: [1741.331461, 0.000000, 564.817802, -152.550449, 0.000000, 1741.331461, 461.993408, 0.000000, 0.000000, 0.000000, 1.000000, 0.000000]
