image_width: 1280
image_height: 1024
camera_name: 16276501
camera_matrix:
  rows: 3
  cols: 3
  data: [1723.078905, 0.000000, 420.493458, 0.000000, 1685.473624, 473.254477, 0.000000, 0.000000, 1.000000]
distortion_model: plumb_bob
distortion_coefficients:
  rows: 1
  cols: 5
  data: [-0.113990, 0.188779, -0.008398, -0.033392, 0.000000]
rectification_matrix:
  rows: 3
  cols: 3
  data: [0.995635, -0.020021, -0.091155, 0.020120, 0.999798, 0.000169, 0.091133, -0.002002, 0.995837]
projection_matrix:
  rows: 3
  cols: 4
  data: [1741.331461, 0.000000, 564.817802, 0.000000, 0.000000, 1741.331461, 461.993408, 0.000000, 0.000000, 0.000000, 1.000000, 0.000000]
